50 65 51.35
51 66 52.31666666666667
32 113 34.99
24 113 30.30666666666667
24 113 33.24333333333333
29 114 37.01
29 113 47.44
29 114 66.85666666666667
29 115 86.72666666666667
35 113 103.99
38 114 112.73333333333333
113 113 113.0
114 114 114.0
96 96 96.0
113 113 113.0
56 56 56.0
50 65 51.31333333333333
53 68 54.77333333333333
49 65 50.38
50 66 51.85333333333333
51 66 52.79666666666667
45 62 46.343333333333334
28 113 32.07
24 113 29.69
23 113 31.366666666666667
28 113 33.486666666666665
28 113 37.596666666666664
28 113 45.20666666666666
28 113 60.056666666666665
47 64 48.873333333333335
36 48 40.08
24 114 30.39
24 114 31.866666666666667
29 114 34.14
29 114 38.47
29 114 47.11
29 114 62.89
29 113 84.33333333333333
28 113 101.09
38 113 111.25
113 113 113.0
113 113 113.0
113 113 113.0
113 113 113.0
113 113 113.0
113 113 113.0
113 113 113.0
113 113 113.0
113 113 113.0
113 113 113.0
113 113 113.0
114 114 114.0
113 113 113.0
113 113 113.0
113 113 113.0
113 113 113.0
113 113 113.0
113 113 113.0
113 113 113.0
113 113 113.0
113 113 113.0
113 113 113.0
113 113 113.0
113 113 113.0
113 113 113.0
113 113 113.0
113 113 113.0
113 113 113.0
113 113 113.0
113 113 113.0
113 113 113.0
113 113 113.0
114 114 114.0
115 115 115.0
113 113 113.0
113 113 113.0
113 113 113.0
113 113 113.0
113 113 113.0
113 113 113.0
113 113 113.0
113 113 113.0
113 113 113.0
113 113 113.0
113 113 113.0
113 113 113.0
113 113 113.0
113 113 113.0
113 113 113.0
113 113 113.0
113 113 113.0
113 113 113.0
113 113 113.0
113 113 113.0
113 113 113.0
113 113 113.0
113 113 113.0
113 113 113.0
114 114 114.0
113 113 113.0
113 113 113.0
113 113 113.0
113 113 113.0
113 113 113.0
113 113 113.0
113 113 113.0
113 113 113.0
114 114 114.0
113 113 113.0
113 113 113.0
113 113 113.0
113 113 113.0
113 113 113.0
113 113 113.0
113 113 113.0
113 113 113.0
113 113 113.0
113 113 113.0
113 113 113.0
113 113 113.0
113 113 113.0
44 88 45.86666666666667
29 64 33.43333333333333
23 64 32.31666666666667
28 64 36.34
43 89 44.92333333333333
29 64 32.75
24 64 33.45333333333333
23 64 32.85666666666667
43 69 44.97
28 113 32.13666666666666
24 114 30.893333333333334
44 69 45.88666666666666
28 114 32.14333333333333
24 114 30.89
24 114 34.26
29 114 38.95333333333333
29 114 50.85
29 114 70.44333333333333
47 64 48.39
31 114 34.00333333333333
24 114 29.473333333333333
24 114 31.886666666666667
29 114 33.526666666666664
